# CPG Coordinate System and Initial Conditions.
lat0: 35.04884687
lon0: -118.040313
yaw0: 0.0
X0:   -29
Y0:   5.2
Psi0: 1.2
V0:   0.0

