# CPG Coordinate System and Initial Conditions.
lat0: 35.04884687
lon0: -118.040313
yaw0: 0.0
<<<<<<< HEAD
X0:   -25.73
Y0:   5.0
Psi0: 11.5836
=======
X0:   0.0
Y0:   25.0
Psi0: 0.6
>>>>>>> 285aedd6373ef09b4995ea0b1d9ca05215e0c49a
V0:   0.0

