# CPG Coordinate System and Initial Conditions.
lat0: 35.04884687
lon0: -118.040313
yaw0: 0.0
X0:   6.
Y0:   2.
Psi0: 0
V0:   10.0

