# CPG Coordinate System and Initial Conditions.
lat0: 35.04884687
lon0: -118.040313
yaw0: 3.5
# X0:   -29
X0:   -545.76
Y0:   -12.05
#Y0:   5.2
Psi0: 3.5
V0:   0.0

