# CPG Coordinate System and Initial Conditions.
lat0: 35.04884687
lon0: -118.040313
yaw0: 0.0
X0:   440.0
Y0:   -185.0
Psi0: 0.6
V0:   0.0

