# CPG Coordinate System and Initial Conditions.
lat0: 35.04884687
lon0: -118.040313
yaw0: 0.0
X0:   -292
Y0:   -404
Psi0: -1.5
V0:   0.0

