# CPG Coordinate System and Initial Conditions.
lat0: 35.04884687
lon0: -118.040313
yaw0: 0.0
X0:   -25.73
Y0:   5.0
Psi0: 11.5836
V0:   0.0

