# RFS Coordinate System and Initial Conditions.
lat0: 37.917819
lon0: -122.331870
yaw0: 0.0
X0:   -6.3017
Y0:   -12.1626
Psi0: -1.9803
V0:   0.0
