# Thunderhill Coordinate System and Initial Conditions.
lat0: 39.53557809
lon0: -122.334316
yaw0: 0.0
X0:   -0
Y0:   -90
Psi0: -1.5
V0:   0.0